30357 55.536377 12.711318   DMI
20002 57.716534 10.595056   DMI
20003 57.716520 10.595089   SkagenHavn
20047 57.595093 9.9625200   DMI
20043 57.595093 9.9625200   DMI
20049 57.594215 9.9621620   HirtshalsHavn
20101 57.435734 10.547851   DMI
20102 57.435734 10.547851   DMI
20253 56.954746 10.425465   AalborgHavn
20262 56.990140 10.308379   AalborgHavn
20299 57.048607 10.052042   AalborgHavn
20301 57.048607 10.052042   AalborgHavn
20302 57.052520 9.9576070   AalborgHavn
20303 57.052520 9.9576070   AalborgHavn
20333 57.028410 9.4017000   SkiveKommune
20412 56.892353 9.1668150   LoegstoerKommune
20423 56.967762 9.2459010   LoegstoerKommune
20566 56.638783 9.8037860   DMI
20567 56.638783 9.8037860   DMI
20676 56.705208 10.329216   MariagerfjordKommune
21009 57.120033 8.5954890   DMI
21011 57.120033 8.5954890   DMI
21058 56.953770 8.6941300   ThistedHavn
21138 56.794834 8.8635440   NykoebingMorsHavn
21191 56.570057 9.0519000   SkiveKommune
22009 56.606980 10.301555   DMI
22058 56.456882 10.039624   DMI
22059 56.456882 10.039624   DMI
22121 56.412075 10.921962   DMI
22122 56.412075 10.921962   DMI
22331 56.146610 10.222648   DMI
22333 56.146610 10.222648   DMI
22598 55.912098 10.258935   DMI
22599 55.912098 10.258935   DMI
23128 55.856064 9.8673040   HorsensHavn
23126 55.854910 9.8575970   HorsensVand
23132 55.715590 10.016333   DMI
23259 55.707150 9.5431270   VejleHavn
23293 55.559494 9.7530450   DMI
23289 55.559494 9.7530450   DMI
23322 55.489933 9.4824010   KoldingHavn
24006 56.707733 8.2087760   KDI
24007 56.705330 8.2225470   KDI
24018 56.524593 8.1151640   KDI
24032 56.550670 8.3067600   LemvigKommune
24053 56.494550 8.585427    StruerKommune
24122 56.372643 8.113573    KDI
24125 56.372643 8.113573    KDI
24123 56.370400 8.120052    KDI
24124 56.371610 8.125902    KDI
24132 56.295902 8.276754    KDI
24328 56.087490 8.239589    KDI
24342 55.996735 8.109773    KDI
24343 56.000458 8.128977    KDI
24344 55.999924 8.129550    KDI
24353 55.850426 8.278119    KDI
25137 55.440075 8.260181    EsbjergHavn
25149 55.460170 8.439694    DMI
25147 55.471640 8.423713    KDI
25343 55.340020 8.675980    KDI
25344 55.338960 8.672504    KDI
25346 55.276436 8.573914    KDI
25347 55.276436 8.573914    KDI
26088 55.251904 9.509185    KDI
26089 55.251904 9.509185    KDI
26136 55.087067 8.565402    KDI
26137 55.087067 8.565402    KDI
26143 55.186264 8.687454    KDI
26144 55.186264 8.687454    KDI
26239 55.044834 9.427022    AabenraaKommune
26346 55.130814 8.685848    KDI
26359 54.962795 8.661860    DMI
26361 54.962795 8.661860    KDI
26457 54.994396 9.985632    DMI
26459 54.994396 9.985632    DMI
26473 54.910740 9.785282    KDI
26474 54.910740 9.785282    KDI
27000 55.060444 10.621416   SvendborgHavn
27014 57.296080 10.924050   VesteroeHavn
27084 55.815475 10.639885   DMI
28003 55.566322 10.079967   KDI
28004 55.566322 10.079967   KDI
28068 55.516018 10.570106   OdenseHavn
28086 55.437634 10.422579   BeredskabFyn
28087 55.438633 10.424543   BeredskabFyn
28198 55.450794 10.665125   KDI
28199 55.450794 10.665125   KDI
28234 55.287823 10.826421   DMI
28366 55.270554 9.8896650   KDI
28367 55.270554 9.8896650   KDI
28397 55.093390 10.241246   KDI
28398 55.093390 10.241246   KDI
28548 54.751656 10.6723585  DMI
29002 55.972750 11.369397   DMI
29038 55.721413 11.708867   DMI
29039 55.721413 11.708867   DMI
29006 55.943650 11.768465   OdsherredHavne
29014 55.913353 11.675221   OdsherredHavne
29141 55.673580 11.097282   DMI
29393 55.330650 11.142241   DMI
29394 55.330650 11.142241   DMI
30017 56.093390 12.457139   DMI
30042 55.953354 12.535283   FredensborgForsyning
30106 55.965282 12.000512   HalsnaesForsyning
30112 55.965508 11.84479    HalsnaesForsyning
30119 55.856250 12.0090685  FrederikssundKommune
30121 55.811672 11.877276   HalsnaesForsyning
30129 55.827816 12.062647   FrederikssundKommune
30202 55.849075 12.57148    DMI
30203 55.849075 12.57148    DMI
30336 55.704292 12.598921   DMI
30361 55.593490 12.678502   DMI
30363 55.593490 12.678502   DMI
30396 55.598385 12.356505   KlarForsyning
30407 55.650875 12.077079   DMI
30409 55.650875 12.077079   DMI
30478 55.455463 12.196472   DMI
30479 55.455463 12.196472   DMI
31063 55.254280 12.374374   DMI
31171 55.176590 11.647142   KDI
31172 55.176590 11.647142   KDI
31243 54.994980 12.166615   KDI
31244 54.994980 12.166615   KDI
31342 54.836840 11.487916   KDI
31343 54.836840 11.487916   KDI
31493 54.823082 12.137347   KDI
31494 54.823082 12.137347   KDI
31573 54.656116 11.347485   DMI
31574 54.656116 11.347485   DMI
31616 54.572120 11.924483   DMI
31623 54.572120 11.924483   DMI
32048 55.248997 14.836752   DMI
32096 55.093204 14.689613   KDI
32098 55.093204 14.689613   KDI
31417 54.826170 11.134826   lollandKommune
31418 54.826170 11.134826   lollandKommune
31463 54.802284 11.63529    GuldborgsundKommune
31473 54.835163 11.794364   GuldborgsundKommune
31478 54.833374 11.79424    GuldborgsundKommune